184.000000 54.000000
183.832825 63.739223
183.690948 73.276985
183.573853 82.613426
183.481018 91.748672
183.412003 100.682861
183.366257 109.416168
183.343277 117.948685
183.342621 126.280586
183.363678 134.411987
183.405991 142.342987
183.469070 150.073807
183.552444 157.604538
183.655548 164.935318
183.777924 172.066315
183.919006 178.997620
184.078354 185.729401
184.255402 192.261795
184.449707 198.594910
184.660736 204.728958
184.887985 210.663986
185.130981 216.400223
185.389160 221.937683
185.662048 227.276611
185.949173 232.417145
186.250000 237.359375
186.564026 242.103439
186.890717 246.649521
187.229645 250.997711
187.580261 255.148148
187.942017 259.101013
188.314453 262.856384
188.697083 266.414459
189.089386 269.775330
189.490845 272.939148
189.900986 275.906097
190.319275 278.676270
190.745239 281.249817
191.178360 283.626862
191.618103 285.807556
192.063995 287.791992
192.515564 289.580383
192.972229 291.172852
193.433533 292.569519
193.898941 293.770447
194.367996 294.775879
194.840179 295.585938
195.314941 296.200684
195.791840 296.620361
196.270370 296.845093
196.750000 296.875000
197.230225 296.710175
197.710510 296.350769
198.190430 295.796997
198.669418 295.048889
199.147003 294.106628
199.622650 292.970398
200.095886 291.640259
200.566193 290.116364
201.033066 288.398926
201.496002 286.488037
201.954498 284.383759
202.408051 282.086334
202.856171 279.595886
203.298294 276.912537
203.734009 274.036377
204.162750 270.967621
204.584015 267.706360
204.997314 264.252747
205.402130 260.606903
205.798004 256.769012
206.184357 252.739151
206.560760 248.517517
206.926666 244.104218
207.281586 239.499344
207.625000 234.703125
207.956421 229.715637
208.275330 224.537048
208.581223 219.167542
208.873627 213.607117
209.152008 207.856018
209.415863 201.914337
209.664688 195.782257
209.897995 189.459900
210.115250 182.947418
210.316010 176.244888
210.499695 169.352509
210.665848 162.270370
210.813950 154.998657
210.943512 147.537491
211.054001 139.887024
211.144943 132.047363
211.215820 124.018661
211.266113 115.800995
211.295334 107.394638
211.302994 98.799637
211.288574 90.016144
211.251572 81.044312
211.191467 71.884254
211.107788 62.536121
211.000000 53.000000
